A Day ∆: 
max =  0:00:06.806614
min =  0:00:02.415637
avg =  0:00:04.034923
sum =  0:00:28.244464
count =  7


