A Day ∆: 
max =  0:00:06.187935
min =  0:00:03.628036
avg =  0:00:04.277844
sum =  0:00:29.944908
count =  7


