A Day ∆: 
max =  0:00:06.925334
min =  0:00:06.925334
avg =  0:00:06.925334
sum =  0:00:06.925334
count =  1


