A Day ∆: 
max =  0:00:06.688172
min =  0:00:06.688172
avg =  0:00:06.688172
sum =  0:00:06.688172
count =  1


