A Day ∆: 
max =  0:00:05.591186
min =  0:00:05.591186
avg =  0:00:05.591186
sum =  0:00:05.591186
count =  1


